=== probe12: Glauber criticality sweep (real connectome, n=279, 3 runs) ===
beta   |m|mean    chi          q(EA)
 0.05    0.0493        0.05    0.0037
 0.10    0.0515        0.11    0.0041
 0.15    0.0540        0.19    0.0046
 0.20    0.0594        0.31    0.0056
 0.30    0.0696        0.61    0.0074
 0.40    0.0932        1.47    0.0133
 0.50    0.1399        3.61    0.0267
 0.70    0.3583        1.66    0.1368
 1.00    0.6102        1.02    0.3761
 1.50    0.8051        0.60    0.6497
 2.00    0.8845        0.44    0.7831
 6.00    0.9834        0.16    0.9672
 8.00    0.9907        0.12    0.9815
10.00    0.9934        0.10    0.9868
--- random W control ---
beta   |m|mean    chi          q(EA)      m2
  1.0    0.0573        1.05    0.0045    0.0045
  2.0    0.0212        0.30    0.0007    0.0007
  3.0    0.0873        0.35    0.0080    0.0080
  4.0    0.0787        0.07    0.0063    0.0063
  5.0    0.0907        0.12    0.0083    0.0083
  6.0    0.0391        0.31    0.0017    0.0017
  8.0    0.0232        0.08    0.0006    0.0006
