=== probe6: conversation rank scan (T=200, D=64, noise=0.3) ===
    mode    K      gap     i*    TN r*       TN    tr100     full
   block    8     4.39      8        7    1.000    0.500    1.000
   block   16     2.96     16        8    1.000    0.500    1.000
   block   32     1.45     32       15    1.000    0.500    1.000
   block   64     1.07     32       16    1.000    0.500    1.000
   block  128     1.04      2       32    1.000    0.500    1.000
   inter    8     3.87      8        8    1.000    1.000    1.000
   inter   16     2.38     16       12    1.000    1.000    1.000
   inter   32     1.40     32       18    1.000    1.000    1.000
   inter   64     1.08     34       25    0.958    0.844    0.958
   inter  128     1.06      4       27    0.802    0.542    0.802
